226
1301
2028
1566
2992
8742
3545
190
1281
8553
1873
8449
7041
6877
9469
3552
8416
6008
3797
2782
1029
8359
791
9477
2959
8000
4962
4908
5079
6518
2930
3330
1809
2760
6742
8203
818
9927
2892
7156
3339
7889
6095
1939
5923
4831
8343
5744
3219
9447
159
2458
8106
2831
4131
1591
3377
9679
3608
1292
9689
8897
3301
1941
6736
1576
4991
7922
9427
3226
9267
9807
7277
1916
7341
9518
7678
9160
3461
4162
1255
8813
7065
1403
6705
7780
5557
5177
5501
1354
5310
782
2614
527
8287
9509
1619
3273
9067
3641
9032
693
5921
6564
2332
6988
2846
3605
4582
4510
1468
9740
7104
1406
2855
8149
9662
2314
3248
5742
6936
6389
8251
7191
754
7490
243
7685
5261
7359
7694
2067
8886
2748
6731
5590
2764
9239
7143
6412
9375
4965
6607
2496
4388
6078
7695
8348
7957
7526
2857
7595
3749
3748
1602
5753
4401
6385
2918
4394
3570
7486
1691
1060
6543
5282
2019
2155
9248
8207
4204
6503
9181
5664
1058
5795
1716
9249
9427
4948
8938
7259
8835
3812
5976
2346
2198
6746
2247
6477
1499
216
7287
1290
1960
2737
2264
1243
2607
6725
300
3657
3968
7562
3412
6563
2041
2264
3878
5851
1977
561
2224
2509
4082
4332
2183
6797
4492
2093
472
7500
7510
3826
447
3495
5511
3196
6470
7020
1458
8456
21
6713
8601
5657
8552
9651
8073
4148
462
9040
2579
1960
2413
2353
6218
1992
7603
144
4920
3270
9496
8418
2011
893
1663
1272
1117
9067
7611
3304
5441
2937
3982
5939
3945
2233
5165
4659
3621
731
6063
9555
1429
3932
9460
5803
4880
3979
7827
1638
5901
7609
3051
3457
7166
1901
2619
7587
6653
1489
2413
2516
95
1804
7789
6795
7061
189
1655
2007
3169
1136
7934
9258
7461
801
9513
5597
3879
4874
2281
1380
2368
2250
325
4784
7188
8965
7366
2202
7005
8674
9102
3539
6272
8373
5667
4277
3553
2984
1194
340
5313
4200
751
5127
9365
6363
7072
5758
9795
9577
7849
3775
5350
2974
3131
2304
2112
3338
7205
7843
7183
9682
2068
6537
7208
7847
790
692
6384
352
7291
9790
1674
3719
452
1215
4506
4190
9358
9999
1784
1596
536
2313
3361
551
9791
119
3655
143
7179
1440
9784
293
5170
6027
3692
23
9274
5806
9079
809
5228
1463
2447
769
7220
119
1192
3646
7541
1334
2411
4742
3481
4119
6389
1979
6886
9289
9435
8393
7212
4054
4828
7391
6219
5916
4255
4552
2258
1989
1354
9829
2018
4422
7460
457
4689
8625
9779
9920
186
7942
1455
3836
7745
3117
5928
4765
7588
4409
2802
3516
2286
2361
9470
37
1189
4560
8053
7071
9779
7279
4413
234
1537
1836
4814
3987
5599
4898
3614
6118
3425
1044
3576
8001
2964
127
3820
6097
9614
7451
1152
5292
1586
7741
1859
5402
9587
7196
3586
3296
4736
4382
692
8234
3454
5327
1504
565
35
4302
5982
9382
7118
3763
8827
138
8069
5360
934
5883
3670
5412
3367
5596
5070
4358
3920
9506
5784
3924
2939
4798
9342
8407
2322
3579
1931
4962
5150
2849
7393
4872
7703
2707
9509
4568
4315
2635
9176
2310
2762
9264
3969
4407
8589
3313
2518
7544
2998
8353
6234
1419
2675
8287
848
5135
2973
3472
13
5546
4061
363
7292
7910
2749
8897
5163
7238
2492
1143
9298
388
7547
1234
5716
9208
5861
8110
8238
102
3132
219
9804
1957
4846
7508
8939
8008
423
7885
9
6810
2175
9160
9624
9979
2628
4004
1394
8113
5874
7300
759
7197
9583
1559
2897
5708
516
4216
968
9174
8005
6452
4946
1702
1009
9476
6738
5670
4276
3238
3329
7191
5866
508
3674
2730
5951
9121
2447
2574
2978
3971
2138
1318
1384
978
5630
7062
7916
4819
2139
3594
820
6257
9040
1715
943
1553
9146
1871
5226
992
1739
1380
3730
7467
8950
6025
3251
3547
4999
2448
2575
8635
6975
2964
6443
4871
8877
5339
8403
4579
8505
4520
8574
8101
2809
6336
2492
2864
7366
1318
6875
1085
9817
5237
1193
3320
4271
3338
6980
9957
1404
4540
4573
1982
2412
3257
1804
6458
1540
2382
3244
187
3014
8434
535
1459
2323
6304
6108
1028
6299
9791
5340
9347
9777
5295
6101
6952
1274
6002
3926
6357
2388
7253
5569
7360
7954
5978
2158
5695
8677
4419
5436
6207
1943
2477
7346
7073
2417
9943
1460
7938
4477
1965
3297
2453
6677
4805
57
79
2522
5141
236
3678
177
2927
3726
6391
2168
2523
1878
1227
2470
2111
5158
1669
1200
6749
5
9298
535
5561
631
9790
9567
3494
3694
3207
8571
1548
8986
8720
8628
4200
2380
7460
8505
1919
6568
4469
7727
5552
9512
8976
2537
822
5486
2063
7012
1638
274
619
7273
2859
5961
747
7365
9980
2246
1613
2582
9479
4858
5584
9851
6588
3416
9772
2926
5097
1747
2447
878
3277
3864
9332
6756
9978
7352
2914
8487
9292
9086
1902
7467
2721
2719
4510
821
1844
2559
8972
9561
8618
7583
1283
8724
3800
6276
488
4358
2671
2484
6440
3591
9606
7946
9082
3450
7938
8409
9569
5630
1187
1916
4817
6225
606
1948
3163
2672
1747
7195
3174
6442
7706
7117
7276
3378
6879
7638
830
4819
1319
8686
1925
4846
2222
3697
3702
3950
8895
2900
4225
861
2543
6738
2695
5247
1974
5316
1221
2588
8715
5838
2561
5404
6986
8438
5072
4602
117
1632
7073
43
9653
5573
3258
9080
2059
1747
4525
998
7879
5437
934
4231
9060
5170
4500
1642
3198
2027
3185
621
2001
4126
1792
738
4703
3232
674
1024
3645
9559
9221
2400
8204
2446
7482
8344
7871
9233
8017
469
8733
2264
5827
385
3333
9041
6300
7844
5193
2198
1955
6102
7305
6733
8167
6994
2780
7006
7991
9655
957
2143
9038
7048
4112
8956
8154
9747
5856
8210
5352
6927
1126
9002
1933
8270
5480
147
9491
6610
5499
1480
3326
4748
8950
6545
3610
3999
5270
2101
1267
1987
2487
620
208
4870
3158
707
7917
1197
2608
9273
3268
6152
2309
7766
968
8003
9663
6236
4765
4664
2137
4853
8647
4722
782
1851
1565
5869
5168
3431
5402
7209
2497
1186
2448
3102
17
4935
4745
665
8532
4009
6043
2564
9791
5360
3239
1427
8479
3023
9999
2106
1190
8833
1793
8205
3140
6802
5093
2304
7518
3642
1775
2733
1885
980
1393
1811
5989
1997
9760
2683
1888
9031
9696
2550
9575
8013
8303
1715
3372
1489
8476
8717
7239
1217
6066
6512
7483
2585
4340
2108
68
7473
8311
4674
4304
2967
6086
2651
8471
5992
1302
6728
584
8823
2839
6340
8145
1776
4548
2886
1018
8502
8327
611
1167
9112
3644
8016
6281
5635
8992
1701
2920
945
8565
8348
5502
5999
6709
4409
8842
1196
705
6356
9072
9229
5989
4961
4482
1357
1417
4849
9261
6242
2310
2849
1635
3563
8483
3136
8784
9157
9020
5855
7483
2461
9774
9537
7851
943
6385
9889
9395
7629
8770
226
3932
8940
6700
7505
4061
1785
8675
7416
4681
8728
1501
8748
7574
6236
2844
4965
997
7203
2300
6126
915
3321
9798
4946
5275
2941
1343
1351
8677
5136
3968
5767
6447
2441
4930
6184
999
6742
198
7949
8642
3502
2030
8790
9884
7169
779
6963
8012
7472
8772
9750
675
6505
4912
3445
7010
8907
6913
3759
9525
4840
4157
3782
5631
952
2458
7226
7715
2442
3861
4471
508
7574
3038
4485
4970
9981
8900
9805
537
4914
7689
5291
3616
274
4609
1902
7299
1982
6605
7405
9030
874
6254
8404
7294
365
6184
3084
1797
7225
1365
8744
2042
6773
2258
8043
2067
3685
5994
5431
9200
7691
9773
513
8973
5575
5485
6384
5684
4874
9589
8341
3212
3128
7671
7988
8162
5292
9008
3312
5794
469
3337
7396
1682
8542
1869
9838
3355
4668
3442
246
341
2880
1398
6188
6703
28
9432
6080
9575
7442
4911
1019
8908
4872
6635
2299
6029
4696
1062
2171
6093
2516
3430
7745
5526
7063
3747
9920
5031
7974
5551
2686
9580
197
7319
6720
8776
8422
1733
818
6482
2236
5998
5907
2249
3149
9695
1580
5908
5398
3935
8545
3787
6729
9456
3408
8076
66
6872
2599
347
6999
8679
8178
3225
6269
148
7393
5007
1671
1704
8600
3239
8858
8246
6609
6247
4044
2694
5436
2092
4458
9837
7990
2863
8921
5403
3687
8870
4452
4128
1557
2665
9652
4987
9415
2047
5998
9073
6804
3590
8645
7831
2153
9227
2641
1372
8313
7547
9912
3397
8190
2679
7672
8230
6286
2957
7030
490
7322
2521
1585
1264
8976
4136
5760
9458
2128
68
6346
8146
6859
7121
8212
8964
8183
9426
1204
4018
335
8761
405
5824
6887
7322
4115
8333
3230
506
4646
4514
9068
2761
8812
3354
8715
8025
6351
3294
5362
4890
2629
8412
6891
7796
2390
9203
6598
1456
2617
9486
7287
8084
6535
827
8347
952
9633
3686
1576
7161
9244
3878
1602
826
8778
8020
5385
1138
6885
8948
4416
1287
1829
9474
7225
8212
7841
8842
9739
4217
6034
4531
565
7328
5698
8249
8045
2615
8132
4357
6225
2831
6973
8508
5647
8800
8607
1681
2080
23
7895
5879
5583
7021
5565
5031
7799
8517
2232
3451
1562
9697
7460
3061
1294
3457
683
5454
3457
3930
7232
4847
8558
7055
8636
1205
24
815
8767
2437
211
4426
392
7116
6386
289
224
5025
3546
6457
1520
8218
1302
844
819
9128
1828
1372
4229
5552
2876
4420
9147
582
9249
7710
5741
2488
6272
1226
7086
580
8134
6434
3276
1143
190
343
6755
8228
1991
2022
3052
2189
8979
3549
3202
2240
1292
1957
1093
8337
6930
5659
7543
5520
2464
1566
5044
3271
9548
8631
4463
3027
4588
2256
8216
9996
2790
1363
5594
7666
3136
6736
8768
1398
9031
4698
2727
1842
2507
8670
4846
118
2742
6737
7066
1984
9597
7718
8694
6679
447
6041
6552
788
6331
6058
8415
8094
5135
2345
1512
9328
3339
3898
7744
6505
4835
3381
9620
7760
6595
7646
8532
8834
6333
2204
3302
8906
1566
7447
2742
3243
6750
4195
1595
5901
7878
1972
5669
8225
7084
8476
3474
3699
650
7128
721
3787
8669
6420
1678
2656
3449
1606
6411
1834
3066
2270
5407
5010
7941
8728
7736
4152
4333
1850
7197
2209
5441
6256
2254
2859
4722
2994
7117
7742
4963
5391
325
7920
7017
4345
1320
7605
9874
2956
5911
4354
3634
4540
1067
1340
5576
6218
5793
2610
1519
9330
2993
6548
272
357
8399
2606
6693
526
7770
3493
3272
3490
8691
4604
8730
9673
8648
627
1008
1508
1613
2413
1736
5306
8572
493
1241
5075
6099
412
7192
5280
2380
4730
1607
9636
3643
831
568
4563
9632
4268
6223
5398
5356
2962
9365
6840
7984
1054
2009
9489
7552
6544
3649
8716
8535
6135
4830
1078
8789
1692
6125
6806
4739
6983
4554
5715
4726
5409
1887
1015
3842
4775
459
5886
3510
6967
3773
8762
8661
6027
2063
375
9797
8863
2192
2806
16
5584
7386
9160
7240
2947
4162
936
9288
4543
3805
1654
6421
2297
8639
4940
691
4378
623
1342
4628
3119
7703
9651
1867
1756
680
5946
4639
1101
5290
8811
6283
907
7808
2844
8626
8232
2634
8524
3215
2055
2420
9104
7131
2347
8412
5127
3576
4138
4465
1467
506
1485
9415
9991
101
4343
5238
688
2466
2335
9058
8289
7691
6604
8166
5607
5717
1693
2634
8645
3198
3954
6435
7237
956
2762
3689
1036
3429
1593
4628
281
7468
3126
303
346
5273
8063
815
2650
3602
7545
2653
6219
7845
2296
2143
2332
2472
3382
1093
8151
4839
7476
4414
2826
1004
4635
9947
3935
1245
2157
155
9898
9727
7229
6486
5695
1289
5784
6806
5310
3475
1534
6703
6508
4989
3745
9390
2687
1564
5945
7791
6181
8207
1409
2953
3858
9168
4049
4469
8516
4742
6233
9148
8900
8438
6391
1150
7532
6234
6166
2174
4943
7994
6259
5386
8889
8695
4301
2073
2709
7719
2120
2286
2069
2234
1597
9833
5249
667
7506
8908
3295
8514
4017
1946
9003
6390
4440
2459
4723
5264
9213
5613
4530
9066
6220
6693
1863
6118
2094
6499
2897
7452
3815
8115
6441
619
2189
4880
9980
1537
1856
5395
2436
4806
1434
6537
3618
6626
9572
2226
3081
1454
8610
1622
6698
5864
8332
6194
7032
8144
9290
3168
1815
3663
8348
6933
2886
8488
9859
9427
9366
8998
8559
8975
822
6709
9158
8013
8365
6573
974
2839
51
3593
5239
7981
5083
1638
5144
886
5841
5223
868
4740
8908
9477
969
8149
8353
5955
2965
8070
9956
3951
3269
5475
8795
2101
4667
4842
7936
6110
1707
4957
6211
3813
4658
7125
4730
8986
8068
3844
3238
8384
864
9715
4580
4097
7138
2970
2220
5153
9206
7134
1193
2575
6212
1236
7429
9064
2780
5540
9505
7606
6830
761
3790
7574
9398
9044
9963
9847
4899
8000
9963
2766
7203
3905
8674
6151
4733
2182
5052
2406
9850
5437
4298
5595
608
853
7945
1107
2877
7567
3425
4379
2380
7966
2936
7136
8871
2669
3184
1122
5466
7087
7300
2679
8575
3154
2570
4459
8828
4685
3316
5621
8949
8
2857
2181
2702
1371
8956
8458
1906
5807
5894
7472
3241
7504
8517
2918
9641
420
1023
6910
2508
293
1396
941
2618
8442
6848
2770
7235
2484
6490
2371
1003
452
9101
5859
9010
7322
3376
1857
2175
3272
2547
9082
9976
9397
6568
4573
7761
5965
5180
9071
2447
9493
4513
6229
727
3053
3641
7199
2263
3710
129
6709
4305
6371
4712
3416
2480
9381
3994
5131
7768
3966
3069
2427
1854
3918
8567
9129
5937
4188
3322
6169
8804
196
429
8227
4986
367
777
6822
6876
8464
7677
3148
8393
1691
4494
4873
9387
6576
5998
5805
3858
1749
6871
153
4367
1090
1701
5198
7487
1541
7261
8161
3506
4245
4078
778
4567
68
8851
2508
726
2686
4593
1151
2601
6622
4707
7273
680
7648
6400
8955
48
2305
5062
8231
7407
8162
1429
6960
6878
9676
6842
9338
4603
7869
9798
6624
5058
3088
7387
4180
3288
8491
3107
2176
9524
9106
9532
4124
5002
9609
3940
1801
4981
3686
2668
7450
6993
8133
5580
7858
578
5685
1924
6072
8228
7151
8410
2711
1856
9687
2981
6450
1463
9836
8341
7365
5118
2265
3276
8790
3334
1678
1421
5322
8375
9144
8096
5941
7785
2605
8975
1369
5567
7508
896
1183
7792
8720
4799
1684
1075
4254
5590
8090
2390
5460
5884
7664
6427
4857
2472
1516
7200
195
9473
9188
1738
2188
7300
1052
2669
3918
8512
3241
2618
8653
9297
1092
2949
7860
7831
2186
5345
9719
8690
3521
8027
6343
1804
3765
6880
6789
8179
4993
9436
6206
9906
9241
160
6628
9788
8611
415
7037
1620
5398
7237
9028
1195
1482
9444
3726
8087
2511
1709
5047
2172
4490
6824
6795
4921
2954
8271
